A random symmetric matrix A
     0.931      0.854      0.574      0.762      0.545 
     0.854      0.875      0.901       0.55      0.204 
     0.574      0.901      0.181      0.375      0.524 
     0.762       0.55      0.375      0.771      0.487 
     0.545      0.204      0.524      0.487    0.00365 
Lets do eigenvalue decomposition
A after using the algorithm:
    -0.671          0  -1.97e-26   6.68e-33      2e-36 
         0     -0.055   7.63e-33  -7.64e-50  -1.55e-19 
 -1.97e-26   7.63e-33     0.0228          0   3.38e-20 
  6.68e-33  -7.64e-50          0      0.449  -9.27e-23 
     2e-36  -1.55e-19   3.38e-20  -9.27e-23       3.02 
V^(T)*V =
         1  -1.67e-16  -1.39e-17   2.78e-16   8.33e-17 
 -1.67e-16          1   3.89e-16  -2.78e-17  -2.78e-17 
 -1.39e-17   3.89e-16          1  -2.08e-16   4.86e-17 
  2.78e-16  -2.78e-17  -2.08e-16          1  -1.11e-16 
  8.33e-17  -2.78e-17   4.86e-17  -1.11e-16          1 
V*V^(T) =
         1  -1.67e-16  -3.61e-16  -8.33e-17  -1.39e-16 
 -1.67e-16          1  -8.33e-17  -2.78e-17  -1.39e-16 
 -3.61e-16  -8.33e-17          1   2.78e-17  -2.78e-17 
 -8.33e-17  -2.78e-17   2.78e-17          1   1.25e-16 
 -1.39e-16  -1.39e-16  -2.78e-17   1.25e-16          1 
w =     -0.671     -0.055     0.0228      0.449       3.02 
VDV^(T)=
     0.931      0.854      0.574      0.762      0.545 
     0.854      0.875      0.901       0.55      0.204 
     0.574      0.901      0.181      0.375      0.524 
     0.762       0.55      0.375      0.771      0.487 
     0.545      0.204      0.524      0.487    0.00365 
V^TAV=
    -0.671   5.55e-17  -1.11e-16   1.39e-17   7.49e-16 
  5.55e-17     -0.055   1.47e-17  -4.34e-17  -1.16e-16 
 -7.07e-17  -8.28e-17     0.0228  -2.67e-16   6.99e-16 
  6.94e-17  -5.55e-17  -3.23e-16      0.449  -3.47e-16 
  5.55e-16   1.11e-16   6.66e-16  -3.05e-16       3.02 
VDV^(T) = A? True
V^(T)AV = D? True
