A random symmetric matrix A
     0.931      0.854      0.574      0.762      0.545 
     0.854      0.875      0.901       0.55      0.204 
     0.574      0.901      0.181      0.375      0.524 
     0.762       0.55      0.375      0.771      0.487 
     0.545      0.204      0.524      0.487    0.00365 
Lets do eigenvalue decomposition
V^(T)*V =
         1  -1.11e-16  -1.39e-17          0   8.33e-17 
 -1.11e-16          1  -5.55e-17   5.55e-16  -5.55e-17 
 -1.39e-17  -5.55e-17          1  -1.94e-16  -2.84e-16 
         0   5.55e-16  -1.94e-16          1  -8.33e-17 
  8.33e-17  -5.55e-17  -2.84e-16  -8.33e-17          1 
V*V^(T) =
         1  -5.55e-17   2.78e-16  -2.78e-16  -3.05e-16 
 -5.55e-17          1          0   -2.5e-16   2.22e-16 
  2.78e-16          0          1  -1.39e-16   1.39e-16 
 -2.78e-16   -2.5e-16  -1.39e-16          1   -2.5e-16 
 -3.05e-16   2.22e-16   1.39e-16   -2.5e-16          1 
D = 
     -1.65   2.32e-33    4.8e-26  -1.55e-29  -5.63e-24 
  2.14e-33      0.161          0   1.55e-27   1.19e-22 
 -4.42e-26          0    -0.0797   -3.2e-20   5.76e-30 
 -1.69e-29   1.68e-27   3.48e-20    -0.0216   3.52e-19 
  6.12e-24  -1.09e-22    5.3e-30   3.81e-19    -0.0469 
w =      -1.65      0.161    -0.0797    -0.0216    -0.0469 
VDV^(T)=
     0.931      0.854      0.574      0.762      0.545 
     0.854      0.875      0.901       0.55      0.204 
     0.574      0.901      0.181      0.375      0.524 
     0.762       0.55      0.375      0.771      0.487 
     0.545      0.204      0.524      0.487    0.00365 
VDV^(T) = A? True
