Random matrix A
     0.294      0.698      0.865 
     0.198       0.56      0.181 
      0.25      0.947      0.349 
      0.38      0.502      0.809 
     0.695     0.0303     0.0821 
     0.904      0.123      0.855 
     0.758      0.476      0.216 
 A decomposed into Q and R gives: /n
Q =
     0.198      0.435      0.455 
     0.134      0.367     -0.215 
     0.168      0.659     -0.263 
     0.256      0.236      0.449 
     0.468     -0.293     -0.323 
     0.608     -0.313       0.41 
      0.51     0.0417     -0.451 
R =
      1.49      0.833       1.13 
         0       1.22      0.581 
         0          0      0.854 
QR =
     0.294      0.698      0.865 
     0.198       0.56      0.181 
      0.25      0.947      0.349 
      0.38      0.502      0.809 
     0.695     0.0303     0.0821 
     0.904      0.123      0.855 
     0.758      0.476      0.216 
QR = A? True /n
Q^T Q =
         1  -7.29e-17  -2.78e-16 
 -7.29e-17          1  -2.22e-16 
 -2.78e-16  -2.22e-16          1 
Now lets check if solve works
Our random symmetric matrix and vector respectively:
B = 
     0.584      0.499     0.0807      0.994      0.456 
     0.513      0.546      0.375      0.497      0.295 
     0.244      0.504     0.0638       0.69      0.893 
     0.515      0.426      0.857      0.661      0.808 
     0.549      0.835      0.613      0.489      0.437 
b =      0.358      0.504       0.44      0.618      0.759 
Solving Ax=b using QR decomp gives us
Q = 
     0.526     -0.393      -0.65      0.117     -0.363 
     0.463    -0.0667    -0.0879     -0.451      0.755 
     0.219        0.6     -0.228      0.673      0.294 
     0.464     -0.386      0.679      0.418     0.0104 
     0.495      0.576      0.238     -0.393      -0.46 
R = 
      1.11       1.24      0.932       1.45       1.16 
         0      0.387    0.00436     0.0168      0.277 
         0          0      0.627     -0.283      0.126 
         0          0          0      0.441      0.688 
         0          0          0          0      0.128 
Solving QRx=b we get: x =
     0.411      0.545      0.157     -0.304      0.297 
With Bx =
     0.358      0.504       0.44      0.618      0.759 
Bx = b ? True
We find the inverse of the same matrix B 
B^(-1) = 
     -4.98         17       1.96     -0.714      -8.96 
     0.796       -3.9    0.00902      -1.11       3.83 
      1.66      -5.96      -1.76       1.44       3.24 
      4.71      -10.3      -2.07      0.821       4.73 
     -2.84       5.92       2.31     0.0817      -3.61 
BB^(-1) = 
         1  -4.88e-15   6.66e-16   5.83e-16   8.88e-16 
 -1.44e-15          1  -9.99e-16  -2.29e-15  -8.88e-16 
  1.33e-15  -3.55e-15          1  -9.71e-17   8.88e-16 
  1.78e-15  -4.44e-15   4.44e-16          1   4.44e-16 
     2e-15  -1.78e-15   1.33e-15   1.11e-15          1 
